1  LHE 0600 18 24
2  ISB 0645 20 21
3  HYD 0730 22 26
4  LHE 0800 19 22
5  MUL 0830 17 19
6  SIA 0915 10 20
7  HYD 0945 15 25
8  SUK 1015 8 14
9  QUE 1045 9 18
10 PES 1115 6 23
11 SIA 1145 17 22
12 GUJ 1215 13 20
13 NAW 1245 7 15
14 LHE 1315 18 23
15 ISB 1345 16 21
16 HYD 1415 20 25
17 MUL 1445 19 21
18 SIA 1515 11 19
19 SUK 1545 7 13
20 QUE 1615 10 17
21 PES 1645 8 24
22 SIA 1715 14 22
23 GUJ 1745 15 19
24 NAW 1815 6 14
25 LHE 1845 21 24
26 ISB 1915 17 20
27 HYD 1945 23 26
28 MUL 2015 18 20
29 QUE 2045 9 16
30 PES 2115 10 25